$MeshFormat
2.2 0 8
$EndMeshFormat
$Nodes
324
1 0 0 0
2 1 0 0
3 1 1 0
4 0 1 0
5 0.0588235294116454 0 0
6 0.1176470588233168 0 0
7 0.1764705882349203 0 0
8 0.2352941176465135 0 0
9 0.2941176470581066 0 0
10 0.3529411764696997 0 0
11 0.4117647058812929 0 0
12 0.4705882352928861 0 0
13 0.5294117647046425 0 0
14 0.5882352941165623 0 0
15 0.6470588235284821 0 0
16 0.7058823529404019 0 0
17 0.7647058823523216 0 0
18 0.8235294117642414 0 0
19 0.8823529411761613 0 0
20 0.941176470588081 0 0
21 1 0.0588235294116454 0
22 1 0.1176470588233168 0
23 1 0.1764705882349203 0
24 1 0.2352941176465135 0
25 1 0.2941176470581066 0
26 1 0.3529411764696997 0
27 1 0.4117647058812929 0
28 1 0.4705882352928861 0
29 1 0.5294117647046425 0
30 1 0.5882352941165623 0
31 1 0.6470588235284821 0
32 1 0.7058823529404019 0
33 1 0.7647058823523216 0
34 1 0.8235294117642414 0
35 1 0.8823529411761613 0
36 1 0.941176470588081 0
37 0.9411764705879904 1 0
38 0.882352941175982 1 0
39 0.8235294117645425 1 0
40 0.764705882353186 1 0
41 0.7058823529418295 1 0
42 0.6470588235304731 1 0
43 0.5882352941191167 1 0
44 0.5294117647077601 1 0
45 0.4705882352960771 1 0
46 0.4117647058840672 1 0
47 0.3529411764720576 1 0
48 0.2941176470600479 1 0
49 0.2352941176480381 1 0
50 0.1764705882360285 1 0
51 0.1176470588240187 1 0
52 0.05882352941200908 1 0
53 0 0.9411764705879904 0
54 0 0.882352941175982 0
55 0 0.8235294117645425 0
56 0 0.764705882353186 0
57 0 0.7058823529418295 0
58 0 0.6470588235304731 0
59 0 0.5882352941191167 0
60 0 0.5294117647077601 0
61 0 0.4705882352960771 0
62 0 0.4117647058840672 0
63 0 0.3529411764720576 0
64 0 0.2941176470600479 0
65 0 0.2352941176480381 0
66 0 0.1764705882360285 0
67 0 0.1176470588240187 0
68 0 0.05882352941200908 0
69 0.0588235294115198 0.5294117647075969 0
70 0.9411764705883341 0.470588235293018 0
71 0.5882352941191167 0.9411764705886436 0
72 0.4117647058812929 0.05882352941159313 0
73 0.7058823529404018 0.05882352941191978 0
74 0.3529411764720576 0.9411764705879904 0
75 0.9411764705880803 0.7058823529404019 0
76 0.05882352941200965 0.3529411764720576 0
77 0.05882352941135649 0.7647058823531862 0
78 0.7647058823531859 0.9411764705886435 0
79 0.9411764705884068 0.1764705882349203 0
80 0.05882352941200965 0.2352941176480381 0
81 0.2941176470581066 0.05882352941159315 0
82 0.1764705882349151 0.05882352941159835 0
83 0.9411764705880802 0.8235294117642414 0
84 0.1764705882360285 0.9411764705879904 0
85 0.8823529411762665 0.941176470588276 0
86 0.9411764705881047 0.05882352941180052 0
87 0.05882352941200936 0.1176470588240184 0
88 0.05882352941172393 0.9411764705877059 0
89 0.1176470588232699 0.05882352941162446 0
90 0.4117647058842308 0.9411764705881537 0
91 0.9411764705880806 0.8823529411761616 0
92 0.4705882352962403 0.9411764705884802 0
93 0.9411764705880696 0.9411764705880924 0
94 0.9411764705881619 0.5294117647047241 0
95 0.9411764705880802 0.5882352941165624 0
96 0.9411764705884069 0.3529411764696997 0
97 0.8823529411761611 0.05882352941191978 0
98 0.8235294117642301 0.05882352941188349 0
99 0.5294117647045609 0.0588235294116748 0
100 0.235294117648038 0.9411764705880099 0
101 0.6470588235284821 0.05882352941191982 0
102 0.9411764705884068 0.2352941176465135 0
103 0.05882352941139796 0.8823529411759405 0
104 0.05882352941179344 0.4705882352959037 0
105 0.05882352941135638 0.6470588235304731 0
106 0.6470588235304731 0.9411764705886436 0
107 0.8823529411766741 0.4705882352931077 0
108 0.1176470588232394 0.5294117647076332 0
109 0.5882352941190068 0.8823529411771969 0
110 0.7058823529403342 0.1176470588237719 0
111 0.4117647058839455 0.8823529411763071 0
112 0.8823529411767614 0.1764705882348681 0
113 0.1764705882361503 0.8823529411761023 0
114 0.1176470588230781 0.8823529411760257 0
115 0.8823529411764289 0.8823529411766243 0
116 0.1176470588238348 0.9411764705879708 0
117 0.5882352941163776 0.05882352941181684 0
118 0.8235294117646754 0.9411764705885177 0
119 0.9411764705881793 0.6470588235283831 0
120 0.05882352941195666 0.1764705882360814 0
121 0.05882352941195484 0.2941176470601027 0
122 0.9411764705881185 0.7647058823522834 0
123 0.8823529411764709 0.5294117647048713 0
124 0.2941176470600683 0.9411764705880108 0
125 0.05882352941186113 0.4117647058839995 0
126 0.7647058823523015 0.05882352941189974 0
127 0.9411764705883795 0.4117647058813511 0
128 0.4705882352928912 0.05882352941159821 0
129 0.3529411764697273 0.0588235294116207 0
130 0.9411764705883833 0.2941176470581301 0
131 0.5294117647076609 0.9411764705885883 0
132 0.2352941176465448 0.05882352941162973 0
133 0.7058823529417866 0.9411764705886008 0
134 0.05882352941146372 0.5882352941190093 0
135 0.05882352941140753 0.7058823529417786 0
136 0.05882352941149618 0.8235294117644443 0
137 0.9411764705882835 0.1176470588236359 0
138 0.05882352941195275 0.0588235294120657 0
139 0.176470588234964 0.1176470588232925 0
140 0.8823529411760797 0.117647058823758 0
141 0.8235294117650036 0.4705882352931912 0
142 0.4117647058813418 0.1176470588232076 0
143 0.8823529411763267 0.7647058823523644 0
144 0.1176470588238558 0.2941176470601566 0
145 0.764705882353219 0.8823529411772111 0
146 0.8235294117650351 0.1764705882354843 0
147 0.4705882352958196 0.8823529411767759 0
148 0.5294117647046362 0.1176470588234163 0
149 0.6470588235285091 0.1176470588237449 0
150 0.1176470588228432 0.7647058823532652 0
151 0.8823529411767819 0.3529411764697552 0
152 0.7647058823521787 0.1176470588237442 0
153 0.1176470588238585 0.1764705882361362 0
154 0.88235294117635 0.8235294117648941 0
155 0.5294117647074796 0.8823529411770427 0
156 0.8823529411763731 0.6470588235285305 0
157 0.8823529411764249 0.588235294116681 0
158 0.2941176470599587 0.8823529411760904 0
159 0.3529411764719302 0.8823529411762152 0
160 0.2352941176479802 0.8823529411761605 0
161 0.1176470588237125 0.4117647058839327 0
162 0.1176470588234774 0.4705882352957929 0
163 0.8235294117648564 0.8823529411769764 0
164 0.8823529411767361 0.4117647058814419 0
165 0.8823529411767715 0.2352941176464949 0
166 0.823529411764276 0.1176470588237235 0
167 0.2941176470580902 0.1176470588232302 0
168 0.6470588235303737 0.8823529411772307 0
169 0.2352941176466624 0.1176470588233281 0
170 0.1176470588228993 0.6470588235302357 0
171 0.1176470588231177 0.8235294117644043 0
172 0.1176470588238186 0.1176470588234337 0
173 0.1176470588230989 0.5882352941190395 0
174 0.176470588234976 0.5294117647075076 0
175 0.588235294118858 0.8235294117657346 0
176 0.6470588235285294 0.1764705882355279 0
177 0.4117647058836227 0.8235294117647141 0
178 0.2352941176482065 0.8235294117644083 0
179 0.2941176470583674 0.1764705882349352 0
180 0.7647058823532654 0.1764705882355138 0
181 0.8235294117646891 0.5882352941168254 0
182 0.1764705882344975 0.7647058823527499 0
183 0.8235294117646027 0.8235294117639839 0
184 0.3529411764717708 0.8235294117644791 0
185 0.5882352941165708 0.1176470588235568 0
186 0.8235294117648404 0.5294117647049918 0
187 0.1176470588238908 0.2352941176482755 0
188 0.1764705882352434 0.4705882352956914 0
189 0.8235294117650888 0.411764705881528 0
190 0.1176470588238449 0.3529411764720863 0
191 0.8823529411762921 0.7058823529403772 0
192 0.8235294117650649 0.235294117647191 0
193 0.529411764707306 0.8235294117654683 0
194 0.1764705882348296 0.8235294117643903 0
195 0.8823529411767276 0.2941176470581506 0
196 0.4705882352929491 0.1176470588232871 0
197 0.3529411764697499 0.1176470588232804 0
198 0.705882352941737 0.8823529411771187 0
199 0.1176470588229852 0.7058823529416876 0
200 0.176470588235639 0.176470588235073 0
201 0.176470588234566 0.6470588235309547 0
202 0.7647058823532961 0.4705882352933733 0
203 0.2352941176466517 0.5294117647073682 0
204 0.5882352941188927 0.7647058823541349 0
205 0.411764705883451 0.7647058823530393 0
206 0.1764705882356452 0.3529411764720018 0
207 0.1764705882357056 0.2352941176468878 0
208 0.7647058823533434 0.2352941176472353 0
209 0.4117647058813294 0.1764705882348731 0
210 0.8235294117651147 0.3529411764698608 0
211 0.2352941176461832 0.7647058823527226 0
212 0.7058823529403152 0.1764705882355609 0
213 0.5882352941167728 0.1764705882353143 0
214 0.7647058823531399 0.5294117647051425 0
215 0.1764705882354465 0.4117647058838534 0
216 0.8235294117645245 0.7058823529404689 0
217 0.8235294117646564 0.6470588235285777 0
218 0.4705882352956486 0.8235294117651244 0
219 0.8235294117645642 0.764705882352264 0
220 0.2941176470599812 0.823529411764363 0
221 0.1764705882347934 0.5882352941192798 0
222 0.4705882352929562 0.1764705882349883 0
223 0.6470588235302109 0.8235294117657046 0
224 0.7647058823530019 0.8235294117656101 0
225 0.3529411764700655 0.1764705882349785 0
226 0.823529411765041 0.2941176470588776 0
227 0.2352941176473921 0.1764705882350811 0
228 0.1764705882346477 0.7058823529410874 0
229 0.7058823529416097 0.4705882352935743 0
230 0.4117647058812371 0.2352941176465712 0
231 0.5882352941167818 0.2352941176470587 0
232 0.6470588235304869 0.7647058823541104 0
233 0.2352941176472183 0.4117647058837499 0
234 0.2941176470578787 0.7647058823526676 0
235 0.7058823529416121 0.2352941176472922 0
236 0.4705882352953917 0.7647058823534567 0
237 0.7647058823529792 0.6470588235287916 0
238 0.7647058823530555 0.7647058823530877 0
239 0.3529411764717184 0.7647058823526873 0
240 0.176470588235664 0.2941176470601851 0
241 0.5294117647072747 0.7647058823538632 0
242 0.5294117647047367 0.1764705882351292 0
243 0.7647058823529753 0.588235294116864 0
244 0.2352941176464728 0.5882352941190417 0
245 0.2352941176463309 0.7058823529410395 0
246 0.2352941176469319 0.4705882352955769 0
247 0.7647058823534331 0.3529411764698463 0
248 0.7647058823534141 0.4117647058815235 0
249 0.7058823529414207 0.8235294117655374 0
250 0.2941176470583487 0.235294117646652 0
251 0.7647058823533349 0.2941176470589414 0
252 0.235294117647218 0.2352941176468079 0
253 0.2941176470583639 0.5294117647072627 0
254 0.5882352941189019 0.7058823529425078 0
255 0.470588235295225 0.7058823529417571 0
256 0.5294117647048718 0.2352941176468458 0
257 0.7058823529413144 0.6470588235285288 0
258 0.3529411764695674 0.7058823529409985 0
259 0.7647058823528872 0.7058823529406215 0
260 0.6470588235286413 0.235294117647267 0
261 0.4705882352929381 0.2352941176466535 0
262 0.7058823529416893 0.4117647058820347 0
263 0.2941176470586395 0.4705882352954823 0
264 0.235294117647395 0.3529411764718465 0
265 0.2941176470592162 0.2941176470583943 0
266 0.2352941176474254 0.2941176470586108 0
267 0.7058823529414379 0.5294117647051855 0
268 0.2941176470579269 0.7058823529413574 0
269 0.3529411764700677 0.2352941176466975 0
270 0.7058823529420974 0.764705882353927 0
271 0.7058823529417355 0.352941176470639 0
272 0.7058823529416237 0.2941176470590033 0
273 0.2352941176462484 0.6470588235293572 0
274 0.647058823530002 0.470588235293515 0
275 0.3529411764700061 0.5294117647071229 0
276 0.4117647058819205 0.2941176470583474 0
277 0.5294117647050651 0.2941176470585664 0
278 0.2941176470591383 0.352941176470117 0
279 0.3529411764697029 0.6470588235293148 0
280 0.6470588235300669 0.7058823529424343 0
281 0.4117647058831688 0.705882352941209 0
282 0.2941176470589202 0.4117647058835681 0
283 0.5294117647072145 0.705882352942211 0
284 0.2941176470579308 0.6470588235307241 0
285 0.588235294116798 0.2941176470587789 0
286 0.6470588235300343 0.3529411764707046 0
287 0.7058823529413081 0.5882352941168526 0
288 0.2941176470581522 0.5882352941190375 0
289 0.6470588235299105 0.2941176470590026 0
290 0.7058823529412106 0.7058823529422812 0
291 0.3529411764709325 0.2941176470584139 0
292 0.5882352941183659 0.6470588235307542 0
293 0.3529411764706142 0.4117647058827255 0
294 0.4117647058813786 0.6470588235294569 0
295 0.3529411764703224 0.4705882352952436 0
296 0.5294117647060198 0.3529411764702622 0
297 0.5882352941182374 0.3529411764704787 0
298 0.5294117647067111 0.6470588235304946 0
299 0.4705882352934292 0.2941176470583904 0
300 0.4117647058826328 0.3529411764699718 0
301 0.3529411764708461 0.3529411764701217 0
302 0.647058823529804 0.5294117647055727 0
303 0.6470588235300471 0.4117647058823941 0
304 0.6470588235296683 0.6470588235308378 0
305 0.3529411764698513 0.5882352941183296 0
306 0.4117647058816862 0.5294117647071209 0
307 0.5882352941183306 0.4705882352935151 0
308 0.4117647058823218 0.4117647058816635 0
309 0.5882352941180178 0.5882352941192152 0
310 0.470588235295085 0.6470588235301167 0
311 0.6470588235296514 0.588235294119181 0
312 0.5294117647066008 0.4117647058819589 0
313 0.5882352941183165 0.4117647058821159 0
314 0.4705882352943285 0.3529411764700484 0
315 0.4117647058815045 0.5882352941177831 0
316 0.5294117647066494 0.4705882352936443 0
317 0.5882352941178827 0.5294117647063961 0
318 0.4117647058821706 0.4705882352948046 0
319 0.4705882352949514 0.4117647058817381 0
320 0.4705882352933877 0.5882352941186648 0
321 0.5294117647063593 0.5882352941189137 0
322 0.5294117647048431 0.5294117647072479 0
323 0.470588235294967 0.4705882352934205 0
324 0.4705882352933568 0.529411764707123 0
$EndNodes
$Elements
650
1 15 2 0 1 1
2 15 2 0 2 2
3 15 2 0 3 3
4 15 2 0 4 4
5 1 2 0 1 1 5
6 1 2 0 1 5 6
7 1 2 0 1 6 7
8 1 2 0 1 7 8
9 1 2 0 1 8 9
10 1 2 0 1 9 10
11 1 2 0 1 10 11
12 1 2 0 1 11 12
13 1 2 0 1 12 13
14 1 2 0 1 13 14
15 1 2 0 1 14 15
16 1 2 0 1 15 16
17 1 2 0 1 16 17
18 1 2 0 1 17 18
19 1 2 0 1 18 19
20 1 2 0 1 19 20
21 1 2 0 1 20 2
22 1 2 0 2 2 21
23 1 2 0 2 21 22
24 1 2 0 2 22 23
25 1 2 0 2 23 24
26 1 2 0 2 24 25
27 1 2 0 2 25 26
28 1 2 0 2 26 27
29 1 2 0 2 27 28
30 1 2 0 2 28 29
31 1 2 0 2 29 30
32 1 2 0 2 30 31
33 1 2 0 2 31 32
34 1 2 0 2 32 33
35 1 2 0 2 33 34
36 1 2 0 2 34 35
37 1 2 0 2 35 36
38 1 2 0 2 36 3
39 1 2 0 3 3 37
40 1 2 0 3 37 38
41 1 2 0 3 38 39
42 1 2 0 3 39 40
43 1 2 0 3 40 41
44 1 2 0 3 41 42
45 1 2 0 3 42 43
46 1 2 0 3 43 44
47 1 2 0 3 44 45
48 1 2 0 3 45 46
49 1 2 0 3 46 47
50 1 2 0 3 47 48
51 1 2 0 3 48 49
52 1 2 0 3 49 50
53 1 2 0 3 50 51
54 1 2 0 3 51 52
55 1 2 0 3 52 4
56 1 2 0 4 4 53
57 1 2 0 4 53 54
58 1 2 0 4 54 55
59 1 2 0 4 55 56
60 1 2 0 4 56 57
61 1 2 0 4 57 58
62 1 2 0 4 58 59
63 1 2 0 4 59 60
64 1 2 0 4 60 61
65 1 2 0 4 61 62
66 1 2 0 4 62 63
67 1 2 0 4 63 64
68 1 2 0 4 64 65
69 1 2 0 4 65 66
70 1 2 0 4 66 67
71 1 2 0 4 67 68
72 1 2 0 4 68 1
73 2 2 0 1 68 1 5
74 2 2 0 1 21 20 2
75 2 2 0 1 311 309 317
76 2 2 0 1 317 309 322
77 2 2 0 1 302 287 311
78 2 2 0 1 302 311 317
79 2 2 0 1 281 258 294
80 2 2 0 1 239 258 281
81 2 2 0 1 239 234 258
82 2 2 0 1 323 322 324
83 2 2 0 1 316 322 323
84 2 2 0 1 220 234 239
85 2 2 0 1 257 290 304
86 2 2 0 1 257 259 290
87 2 2 0 1 318 308 323
88 2 2 0 1 293 308 318
89 2 2 0 1 310 294 320
90 2 2 0 1 281 294 310
91 2 2 0 1 318 323 324
92 2 2 0 1 295 293 318
93 2 2 0 1 316 317 322
94 2 2 0 1 282 293 295
95 2 2 0 1 282 278 293
96 2 2 0 1 264 278 282
97 2 2 0 1 259 238 290
98 2 2 0 1 219 238 259
99 2 2 0 1 178 194 211
100 2 2 0 1 264 266 278
101 2 2 0 1 178 113 194
102 2 2 0 1 264 240 266
103 2 2 0 1 296 297 312
104 2 2 0 1 296 285 297
105 2 2 0 1 240 207 266
106 2 2 0 1 310 320 321
107 2 2 0 1 321 320 322
108 2 2 0 1 309 321 322
109 2 2 0 1 187 207 240
110 2 2 0 1 285 289 297
111 2 2 0 1 285 260 289
112 2 2 0 1 260 235 289
113 2 2 0 1 212 235 260
114 2 2 0 1 183 163 224
115 2 2 0 1 113 114 194
116 2 2 0 1 154 163 183
117 2 2 0 1 114 113 116
118 2 2 0 1 212 180 235
119 2 2 0 1 152 180 212
120 2 2 0 1 308 319 323
121 2 2 0 1 308 314 319
122 2 2 0 1 143 154 183
123 2 2 0 1 153 172 200
124 2 2 0 1 143 83 154
125 2 2 0 1 153 87 172
126 2 2 0 1 113 84 116
127 2 2 0 1 241 236 283
128 2 2 0 1 218 236 241
129 2 2 0 1 84 51 116
130 2 2 0 1 283 255 298
131 2 2 0 1 236 255 283
132 2 2 0 1 292 283 298
133 2 2 0 1 292 298 309
134 2 2 0 1 137 112 140
135 2 2 0 1 177 184 205
136 2 2 0 1 52 88 116
137 2 2 0 1 299 277 314
138 2 2 0 1 154 115 163
139 2 2 0 1 97 137 140
140 2 2 0 1 256 277 299
141 2 2 0 1 261 256 299
142 2 2 0 1 177 159 184
143 2 2 0 1 242 256 261
144 2 2 0 1 159 158 184
145 2 2 0 1 242 213 256
146 2 2 0 1 185 213 242
147 2 2 0 1 4 53 88
148 2 2 0 1 52 4 88
149 2 2 0 1 185 149 213
150 2 2 0 1 88 114 116
151 2 2 0 1 37 38 85
152 2 2 0 1 101 149 185
153 2 2 0 1 90 74 111
154 2 2 0 1 187 153 207
155 2 2 0 1 124 158 159
156 2 2 0 1 97 86 137
157 2 2 0 1 117 101 185
158 2 2 0 1 5 89 138
159 2 2 0 1 160 113 178
160 2 2 0 1 152 166 180
161 2 2 0 1 186 181 214
162 2 2 0 1 308 300 314
163 2 2 0 1 202 214 229
164 2 2 0 1 202 186 214
165 2 2 0 1 157 181 186
166 2 2 0 1 157 156 181
167 2 2 0 1 92 90 147
168 2 2 0 1 53 54 88
169 2 2 0 1 80 153 187
170 2 2 0 1 45 90 92
171 2 2 0 1 152 126 166
172 2 2 0 1 257 237 259
173 2 2 0 1 119 156 157
174 2 2 0 1 155 147 193
175 2 2 0 1 14 101 117
176 2 2 0 1 243 237 257
177 2 2 0 1 163 145 224
178 2 2 0 1 174 188 203
179 2 2 0 1 162 161 188
180 2 2 0 1 217 237 243
181 2 2 0 1 92 147 155
182 2 2 0 1 120 87 153
183 2 2 0 1 174 162 188
184 2 2 0 1 158 160 178
185 2 2 0 1 47 74 90
186 2 2 0 1 253 263 275
187 2 2 0 1 246 233 263
188 2 2 0 1 119 75 156
189 2 2 0 1 253 246 263
190 2 2 0 1 85 38 118
191 2 2 0 1 250 265 266
192 2 2 0 1 21 22 86
193 2 2 0 1 46 47 90
194 2 2 0 1 68 5 138
195 2 2 0 1 170 173 221
196 2 2 0 1 273 244 288
197 2 2 0 1 284 273 288
198 2 2 0 1 215 233 246
199 2 2 0 1 201 170 221
200 2 2 0 1 217 216 237
201 2 2 0 1 125 161 162
202 2 2 0 1 252 250 266
203 2 2 0 1 215 206 233
204 2 2 0 1 37 85 93
205 2 2 0 1 122 83 143
206 2 2 0 1 39 78 118
207 2 2 0 1 270 232 290
208 2 2 0 1 232 280 290
209 2 2 0 1 86 22 137
210 2 2 0 1 61 62 104
211 2 2 0 1 191 216 217
212 2 2 0 1 121 80 187
213 2 2 0 1 320 315 324
214 2 2 0 1 315 306 324
215 2 2 0 1 158 100 160
216 2 2 0 1 190 206 215
217 2 2 0 1 45 46 90
218 2 2 0 1 32 75 119
219 2 2 0 1 124 100 158
220 2 2 0 1 100 84 113
221 2 2 0 1 70 29 94
222 2 2 0 1 88 54 103
223 2 2 0 1 91 93 115
224 2 2 0 1 91 36 93
225 2 2 0 1 44 45 131
226 2 2 0 1 83 91 154
227 2 2 0 1 276 300 301
228 2 2 0 1 94 30 95
229 2 2 0 1 291 276 301
230 2 2 0 1 90 111 147
231 2 2 0 1 94 95 123
232 2 2 0 1 31 32 119
233 2 2 0 1 230 276 291
234 2 2 0 1 74 124 159
235 2 2 0 1 198 168 249
236 2 2 0 1 126 98 166
237 2 2 0 1 29 30 94
238 2 2 0 1 125 76 161
239 2 2 0 1 69 61 104
240 2 2 0 1 216 219 259
241 2 2 0 1 269 230 291
242 2 2 0 1 118 78 145
243 2 2 0 1 258 279 294
244 2 2 0 1 294 315 320
245 2 2 0 1 169 167 227
246 2 2 0 1 168 223 249
247 2 2 0 1 67 87 120
248 2 2 0 1 218 177 236
249 2 2 0 1 93 85 115
250 2 2 0 1 65 80 121
251 2 2 0 1 167 179 227
252 2 2 0 1 111 159 177
253 2 2 0 1 3 37 93
254 2 2 0 1 191 143 216
255 2 2 0 1 20 21 86
256 2 2 0 1 190 144 206
257 2 2 0 1 134 108 173
258 2 2 0 1 70 94 107
259 2 2 0 1 104 125 162
260 2 2 0 1 95 30 119
261 2 2 0 1 247 271 272
262 2 2 0 1 69 108 134
263 2 2 0 1 251 247 272
264 2 2 0 1 60 61 69
265 2 2 0 1 98 97 140
266 2 2 0 1 36 3 93
267 2 2 0 1 28 29 70
268 2 2 0 1 34 83 122
269 2 2 0 1 107 94 123
270 2 2 0 1 13 14 117
271 2 2 0 1 107 123 141
272 2 2 0 1 89 82 172
273 2 2 0 1 111 177 218
274 2 2 0 1 63 76 125
275 2 2 0 1 197 142 225
276 2 2 0 1 82 139 172
277 2 2 0 1 301 300 308
278 2 2 0 1 118 145 163
279 2 2 0 1 87 138 172
280 2 2 0 1 83 34 91
281 2 2 0 1 279 284 288
282 2 2 0 1 64 65 121
283 2 2 0 1 279 258 284
284 2 2 0 1 66 67 120
285 2 2 0 1 142 209 225
286 2 2 0 1 216 143 219
287 2 2 0 1 144 187 240
288 2 2 0 1 87 67 138
289 2 2 0 1 228 201 245
290 2 2 0 1 100 113 160
291 2 2 0 1 99 117 148
292 2 2 0 1 95 119 157
293 2 2 0 1 245 201 273
294 2 2 0 1 80 120 153
295 2 2 0 1 50 84 100
296 2 2 0 1 88 103 114
297 2 2 0 1 48 100 124
298 2 2 0 1 220 178 234
299 2 2 0 1 101 73 110
300 2 2 0 1 156 191 217
301 2 2 0 1 161 190 215
302 2 2 0 1 111 74 159
303 2 2 0 1 28 70 127
304 2 2 0 1 76 63 121
305 2 2 0 1 76 144 190
306 2 2 0 1 80 65 120
307 2 2 0 1 22 23 137
308 2 2 0 1 110 152 212
309 2 2 0 1 99 13 117
310 2 2 0 1 33 34 122
311 2 2 0 1 144 121 187
312 2 2 0 1 12 13 99
313 2 2 0 1 76 121 144
314 2 2 0 1 206 240 264
315 2 2 0 1 195 151 226
316 2 2 0 1 266 265 278
317 2 2 0 1 75 143 191
318 2 2 0 1 75 122 143
319 2 2 0 1 138 89 172
320 2 2 0 1 17 98 126
321 2 2 0 1 151 210 226
322 2 2 0 1 62 63 125
323 2 2 0 1 219 183 238
324 2 2 0 1 224 249 270
325 2 2 0 1 238 270 290
326 2 2 0 1 19 86 97
327 2 2 0 1 114 171 194
328 2 2 0 1 158 178 220
329 2 2 0 1 176 212 260
330 2 2 0 1 75 32 122
331 2 2 0 1 151 127 164
332 2 2 0 1 23 79 137
333 2 2 0 1 18 97 98
334 2 2 0 1 34 35 91
335 2 2 0 1 35 36 91
336 2 2 0 1 115 85 163
337 2 2 0 1 114 103 136
338 2 2 0 1 180 208 235
339 2 2 0 1 51 52 116
340 2 2 0 1 153 200 207
341 2 2 0 1 135 105 199
342 2 2 0 1 73 126 152
343 2 2 0 1 178 211 234
344 2 2 0 1 149 176 213
345 2 2 0 1 67 68 138
346 2 2 0 1 50 51 84
347 2 2 0 1 30 31 119
348 2 2 0 1 15 73 101
349 2 2 0 1 143 183 219
350 2 2 0 1 238 224 270
351 2 2 0 1 207 227 252
352 2 2 0 1 140 146 166
353 2 2 0 1 55 77 136
354 2 2 0 1 206 144 240
355 2 2 0 1 180 146 208
356 2 2 0 1 183 224 238
357 2 2 0 1 45 92 131
358 2 2 0 1 184 220 239
359 2 2 0 1 207 200 227
360 2 2 0 1 98 140 166
361 2 2 0 1 101 110 149
362 2 2 0 1 172 139 200
363 2 2 0 1 74 47 124
364 2 2 0 1 127 70 164
365 2 2 0 1 303 274 307
366 2 2 0 1 166 146 180
367 2 2 0 1 65 66 120
368 2 2 0 1 99 148 196
369 2 2 0 1 63 64 121
370 2 2 0 1 149 110 176
371 2 2 0 1 161 76 190
372 2 2 0 1 181 217 243
373 2 2 0 1 48 49 100
374 2 2 0 1 49 50 100
375 2 2 0 1 156 75 191
376 2 2 0 1 146 112 165
377 2 2 0 1 303 307 313
378 2 2 0 1 176 110 212
379 2 2 0 1 277 285 296
380 2 2 0 1 146 192 208
381 2 2 0 1 312 313 316
382 2 2 0 1 145 198 224
383 2 2 0 1 175 155 193
384 2 2 0 1 73 16 126
385 2 2 0 1 139 169 200
386 2 2 0 1 14 15 101
387 2 2 0 1 184 158 220
388 2 2 0 1 32 33 122
389 2 2 0 1 151 164 210
390 2 2 0 1 146 165 192
391 2 2 0 1 304 292 311
392 2 2 0 1 19 20 86
393 2 2 0 1 18 19 97
394 2 2 0 1 188 215 246
395 2 2 0 1 280 254 304
396 2 2 0 1 312 297 313
397 2 2 0 1 313 307 316
398 2 2 0 1 292 309 311
399 2 2 0 1 85 118 163
400 2 2 0 1 233 264 282
401 2 2 0 1 171 182 194
402 2 2 0 1 17 18 98
403 2 2 0 1 47 48 124
404 2 2 0 1 277 231 285
405 2 2 0 1 254 292 304
406 2 2 0 1 108 174 221
407 2 2 0 1 91 115 154
408 2 2 0 1 108 162 174
409 2 2 0 1 192 165 195
410 2 2 0 1 231 260 285
411 2 2 0 1 265 250 269
412 2 2 0 1 181 156 217
413 2 2 0 1 213 231 256
414 2 2 0 1 38 39 118
415 2 2 0 1 227 250 252
416 2 2 0 1 41 42 133
417 2 2 0 1 12 99 128
418 2 2 0 1 177 205 236
419 2 2 0 1 265 291 301
420 2 2 0 1 16 17 126
421 2 2 0 1 147 111 218
422 2 2 0 1 278 265 301
423 2 2 0 1 104 62 125
424 2 2 0 1 235 208 251
425 2 2 0 1 59 60 134
426 2 2 0 1 213 176 231
427 2 2 0 1 287 257 311
428 2 2 0 1 208 192 226
429 2 2 0 1 205 239 281
430 2 2 0 1 243 257 287
431 2 2 0 1 110 73 152
432 2 2 0 1 5 6 89
433 2 2 0 1 286 262 303
434 2 2 0 1 188 161 215
435 2 2 0 1 231 176 260
436 2 2 0 1 15 16 73
437 2 2 0 1 10 72 129
438 2 2 0 1 267 243 287
439 2 2 0 1 225 230 269
440 2 2 0 1 235 251 272
441 2 2 0 1 233 206 264
442 2 2 0 1 237 216 259
443 2 2 0 1 123 157 186
444 2 2 0 1 148 185 242
445 2 2 0 1 69 104 108
446 2 2 0 1 205 184 239
447 2 2 0 1 174 203 244
448 2 2 0 1 129 142 197
449 2 2 0 1 25 26 130
450 2 2 0 1 168 109 223
451 2 2 0 1 175 204 223
452 2 2 0 1 214 243 267
453 2 2 0 1 271 262 286
454 2 2 0 1 272 286 289
455 2 2 0 1 263 282 295
456 2 2 0 1 256 231 277
457 2 2 0 1 226 247 251
458 2 2 0 1 132 167 169
459 2 2 0 1 207 252 266
460 2 2 0 1 255 281 310
461 2 2 0 1 293 278 301
462 2 2 0 1 262 229 303
463 2 2 0 1 179 167 197
464 2 2 0 1 247 248 271
465 2 2 0 1 209 196 222
466 2 2 0 1 27 28 127
467 2 2 0 1 203 253 288
468 2 2 0 1 297 286 313
469 2 2 0 1 214 181 243
470 2 2 0 1 203 246 253
471 2 2 0 1 293 301 308
472 2 2 0 1 257 304 311
473 2 2 0 1 82 132 139
474 2 2 0 1 234 211 245
475 2 2 0 1 277 296 314
476 2 2 0 1 316 307 317
477 2 2 0 1 267 287 302
478 2 2 0 1 107 141 189
479 2 2 0 1 275 306 315
480 2 2 0 1 236 205 255
481 2 2 0 1 319 312 323
482 2 2 0 1 211 182 228
483 2 2 0 1 296 312 319
484 2 2 0 1 42 106 133
485 2 2 0 1 276 299 300
486 2 2 0 1 306 318 324
487 2 2 0 1 141 186 202
488 2 2 0 1 253 275 305
489 2 2 0 1 275 295 306
490 2 2 0 1 263 233 282
491 2 2 0 1 232 204 254
492 2 2 0 1 130 151 195
493 2 2 0 1 268 245 284
494 2 2 0 1 199 170 201
495 2 2 0 1 265 269 291
496 2 2 0 1 289 286 297
497 2 2 0 1 193 218 241
498 2 2 0 1 258 234 268
499 2 2 0 1 255 205 281
500 2 2 0 1 136 150 171
501 2 2 0 1 305 275 315
502 2 2 0 1 230 261 276
503 2 2 0 1 235 272 289
504 2 2 0 1 26 96 130
505 2 2 0 1 272 271 286
506 2 2 0 1 201 221 273
507 2 2 0 1 250 225 269
508 2 2 0 1 222 242 261
509 2 2 0 1 276 261 299
510 2 2 0 1 229 214 267
511 2 2 0 1 274 267 302
512 2 2 0 1 170 134 173
513 2 2 0 1 312 316 323
514 2 2 0 1 234 245 268
515 2 2 0 1 286 303 313
516 2 2 0 1 307 302 317
517 2 2 0 1 105 170 199
518 2 2 0 1 202 229 262
519 2 2 0 1 294 305 315
520 2 2 0 1 306 295 318
521 2 2 0 1 290 280 304
522 2 2 0 1 300 299 314
523 2 2 0 1 208 226 251
524 2 2 0 1 209 222 230
525 2 2 0 1 141 202 248
526 2 2 0 1 288 253 305
527 2 2 0 1 275 263 295
528 2 2 0 1 229 267 274
529 2 2 0 1 322 320 324
530 2 2 0 1 141 123 186
531 2 2 0 1 225 209 230
532 2 2 0 1 203 188 246
533 2 2 0 1 294 279 305
534 2 2 0 1 244 203 288
535 2 2 0 1 182 150 199
536 2 2 0 1 96 27 127
537 2 2 0 1 221 174 244
538 2 2 0 1 230 222 261
539 2 2 0 1 189 141 248
540 2 2 0 1 211 228 245
541 2 2 0 1 279 288 305
542 2 2 0 1 196 148 222
543 2 2 0 1 200 169 227
544 2 2 0 1 247 189 248
545 2 2 0 1 314 296 319
546 2 2 0 1 81 10 129
547 2 2 0 1 248 202 262
548 2 2 0 1 298 255 310
549 2 2 0 1 274 302 307
550 2 2 0 1 123 95 157
551 2 2 0 1 309 298 321
552 2 2 0 1 108 104 162
553 2 2 0 1 140 112 146
554 2 2 0 1 221 244 273
555 2 2 0 1 298 310 321
556 2 2 0 1 245 273 284
557 2 2 0 1 254 283 292
558 2 2 0 1 192 195 226
559 2 2 0 1 222 148 242
560 2 2 0 1 210 189 247
561 2 2 0 1 173 108 221
562 2 2 0 1 204 241 254
563 2 2 0 1 8 81 132
564 2 2 0 1 254 241 283
565 2 2 0 1 179 197 225
566 2 2 0 1 10 11 72
567 2 2 0 1 11 12 72
568 2 2 0 1 148 117 185
569 2 2 0 1 164 107 189
570 2 2 0 1 167 129 197
571 2 2 0 1 223 232 249
572 2 2 0 1 96 127 151
573 2 2 0 1 232 254 280
574 2 2 0 1 179 225 250
575 2 2 0 1 182 199 228
576 2 2 0 1 70 107 164
577 2 2 0 1 165 130 195
578 2 2 0 1 102 25 130
579 2 2 0 1 175 193 204
580 2 2 0 1 199 201 228
581 2 2 0 1 139 132 169
582 2 2 0 1 193 147 218
583 2 2 0 1 171 150 182
584 2 2 0 1 224 198 249
585 2 2 0 1 204 193 241
586 2 2 0 1 194 182 211
587 2 2 0 1 229 274 303
588 2 2 0 1 78 41 133
589 2 2 0 1 249 232 270
590 2 2 0 1 164 189 210
591 2 2 0 1 223 204 232
592 2 2 0 1 142 196 209
593 2 2 0 1 109 175 223
594 2 2 0 1 248 262 271
595 2 2 0 1 43 44 71
596 2 2 0 1 26 27 96
597 2 2 0 1 226 210 247
598 2 2 0 1 82 8 132
599 2 2 0 1 133 168 198
600 2 2 0 1 142 128 196
601 2 2 0 1 130 96 151
602 2 2 0 1 129 72 142
603 2 2 0 1 102 130 165
604 2 2 0 1 114 136 171
605 2 2 0 1 128 99 196
606 2 2 0 1 42 43 106
607 2 2 0 1 23 24 102
608 2 2 0 1 24 25 102
609 2 2 0 1 145 133 198
610 2 2 0 1 103 55 136
611 2 2 0 1 6 7 82
612 2 2 0 1 8 9 81
613 2 2 0 1 9 10 81
614 2 2 0 1 6 82 89
615 2 2 0 1 81 129 167
616 2 2 0 1 7 8 82
617 2 2 0 1 72 12 128
618 2 2 0 1 227 179 250
619 2 2 0 1 72 128 142
620 2 2 0 1 79 102 165
621 2 2 0 1 106 71 168
622 2 2 0 1 109 131 155
623 2 2 0 1 150 135 199
624 2 2 0 1 43 71 106
625 2 2 0 1 39 40 78
626 2 2 0 1 40 41 78
627 2 2 0 1 112 79 165
628 2 2 0 1 132 81 167
629 2 2 0 1 56 57 77
630 2 2 0 1 55 56 77
631 2 2 0 1 79 23 102
632 2 2 0 1 77 57 135
633 2 2 0 1 133 106 168
634 2 2 0 1 60 69 134
635 2 2 0 1 78 133 145
636 2 2 0 1 54 55 103
637 2 2 0 1 109 155 175
638 2 2 0 1 258 268 284
639 2 2 0 1 79 112 137
640 2 2 0 1 77 135 150
641 2 2 0 1 71 44 131
642 2 2 0 1 105 59 134
643 2 2 0 1 71 109 168
644 2 2 0 1 136 77 150
645 2 2 0 1 57 58 105
646 2 2 0 1 58 59 105
647 2 2 0 1 57 105 135
648 2 2 0 1 105 134 170
649 2 2 0 1 131 92 155
650 2 2 0 1 109 71 131
$EndElements
